0402101001
0402110001
0405105001
0405125001
0406111001
0406112001
0407102001
0407104001
0408123001
0408124001
0415116001
0415117001
0416101001
0416104001
0417101001
0417103001
0418101001
0418102001
0419101001
0419102001
0420107001
0420108001
0423102001
0423103001
0425101001
0425102001
0426101001
0426102001
0427102001
0427106001
0432101001
0432105001
0433102001
0433103001
0436101001
0436102001
0437107001
0437108001
0438101001
0438102001
0444101001
0444105001
0445102001
0445104001
0446102001
0446103001
0447101001
0447105001
0448102001
0448106001
0449101001
0449102001
0451105001
0453103001
0453104001
0454106001
0454107001
0455116001
0455117001