FSU,38,038,0
高压配电,1,001,0
低压配电（交流配电箱）,2,002,0
交流配电屏,3,003,0
直流配电屏,4,004,0
柴油发电机组,5,005,0
开关电源,6,006,0
蓄电池组,7,007,0
UPS设备,8,008,0
UPS配电屏,9,009,0
UPS电池,10,010,0
240V直流系统,11,011,0
专用空调(风冷),12,012,0
中央空调(水冷),13,013,0
专用空调（通冷冻水型）,14,014,0
普通空调,15,015,0
智能电表（交流）,16,016,0
门禁系统,17,017,0
机房/基站环境,18,018,0
监控设备,19,019,0
新能源供电系统（太阳能、风能）,20,020,0
燃气轮机发电机组,21,021,0
风力发电设备,22,022,0
智能通风系统,23,023,0
新风设备,24,024,0
热交换设备,25,025,0
热管设备,26,026,0
蓄电池温控柜,27,027,0
防雷设备/防雷箱,28,028,0
燃料电池,29,029,0
模块化UPS,30,030,0
240V电池,31,031,0
铁锂电池,32,032,0
逆变器,33,033,0
280V直流远供系统-局端升压,34,034,0
280V直流远供系统-远端降压,35,035,0
智能电表（直流）,36,036,0
铁塔,37,037,0
智能动环监控设备（FSU）,38,038,0
POI,39,039,0
AU,40,040,0
EU,41,041,0
三级RU,42,042,0
SAU,43,043,0
室外配电设备,44,044,0
分路计量设备,45,045,0
电池公共用管理器,46,046,0
梯级电池,47,047,0
防盗电设备,48,048,0
多路负载直流电压采集器设备,49,049,0
变压器/调压器,50,050,0
微站监控设备,51,051,0
室分监控设备,52,052,0
基站电池核容与节能设备,53,053,0
塔桅安全监测设备,54,054,0
智能备电控制单元,55,055,0